1.786706846106967062e+00
3.615467579284462829e+00
1.124554690490387143e+00
5.800103579239547225e-01
1.367926021264814551e+00
1.527971410711725653e-01
4.224150496000752320e+00
4.215844906894570809e-01
1.606534579253040551e-01
4.094252986711809927e-01
5.789163143030708891e-01
2.494227960444614922e+00
2.416474872413221786e-01
1.156229801996000228e+00
3.618173243971139819e+00
3.874130270898291650e-01
4.298757686725113714e-01
1.627631373181049890e+00
7.484636812256045824e-01
3.678731466218371909e-02
1.258016942729809351e-01
5.672301847282872345e-01
5.449301455003978667e-01
2.529051004937727054e+00
1.258435367920298420e+00
1.616986036502594537e+00
1.291162293716307419e+00
1.967889724066308910e+00
4.397690155876695095e-01
7.317974035437112557e-01
2.755612022742757183e-01
2.078471733713411762e+00
5.138130076522512413e-01
6.181576687986424234e-01
8.571175740155748124e-02
1.957657652775626866e+00
5.434835725388670324e-01
1.012355827942061914e+00
5.725457274521363882e-01
5.280275323616083760e-01
2.635149195546602208e+00
1.805787630627135598e-02
3.252120722284755239e+00
7.683551076332386653e-01
4.292882770020017280e-01
5.822105194165831943e-01
2.515902660083285003e+00
1.700746897844939154e+00
9.877254236588288716e-01
7.012008129437374837e-01
1.016988909165608357e+00
7.497476982376911625e-01
7.363329241982563556e-01
5.240972698468163715e-01
3.843987294060436932e-01
1.595167601771360300e+00
1.628257934740004742e-01
5.341280584014465038e-01
6.232184499015492873e-01
1.896566643797353402e+00
2.103419247393789326e-01
2.211159448202482669e-01
2.529974576443275169e-01
6.320598060345413716e-01
1.191003484381072175e+00
9.359625373603827625e-02
1.164596491882518681e+00
7.165461738131464475e-01
8.017774862465693042e-02
3.641253547909679700e-01
6.184693341766566155e-01
7.528923109948277848e-01
2.120133497676257139e+00
4.693343060382974552e-01
3.116915889497520187e-01
1.636086794346751194e+00
1.496302290630175058e+00
1.011028994719645802e+00
1.955447892274726485e+00
1.226935354100788800e+00
1.120351771027002119e+00
4.550274294908417949e-01
2.084367141656279232e-01
3.033775956321197675e+00
1.522948226920062043e+00
9.012348830209038208e-01
7.960798961366386539e-01
3.739150243604629331e+00
1.469633427197068132e+00
9.302761971112980532e-01
2.098999838899171244e-01
1.281421657518594603e+00
7.589999494258130586e-01
1.503911995491381826e-01
7.852670201411946493e-01
5.279035404710985535e-01
4.170374588285924444e-01
1.842910549785745089e-01
8.738138126605878853e-01
6.903762390604553101e-01
