6.413044095683633206e-01
4.195444908119360106e-01
9.097636102271121628e-01
2.731355186859587114e+00
5.342784724868084867e-01
1.881609577909700182e+00
3.166960094969005213e-01
2.549327060107713927e-01
4.089438877557144414e-01
9.345006881865792758e-01
8.134229666394551250e-01
4.101511853223008153e+00
1.028535793150673117e+00
5.668024024038630787e-02
3.381851113774676953e+00
8.864500019858567725e-02
3.982266321439119072e-01
1.386972859365587452e+00
6.300197603963418880e-01
3.699613642686790382e-01
3.729018714677445612e-01
3.998296583058097986e-01
7.496857702832551151e-01
1.831634428102747736e-01
2.988744122582357221e+00
1.464580205402095381e-01
1.034186376954068232e+00
3.420200482204796000e-01
4.839333082479178039e-01
3.972654661651943142e-01
1.489168301454564525e-01
2.407859030527959465e+00
8.171893956249209889e-02
1.691995789138091233e+00
2.536137528088930004e+00
1.782975885165409904e-02
5.647117098840166438e-01
1.831328418308861616e+00
1.826282067890161231e+00
3.284896824429821116e+00
8.992763090793505221e-01
6.574530252713401968e-01
3.110129321603651853e+00
1.687328096895753360e+00
9.983047203534035630e-01
2.282897544440930293e+00
1.025338871201877389e+00
2.054805960473349291e+00
1.037624715797079933e+00
1.913309714666437955e-01
8.625071660892345005e-01
1.536605524508018128e+00
2.148867033903798074e+00
1.060353068006459620e-01
2.254535583988793057e+00
2.937720005483799302e-01
1.116960536682223948e+00
2.122249855383055106e+00
5.634720356896112392e-01
1.058905397180481822e+00
1.003899373630790404e+00
1.520236143977350629e+00
7.579674833934386680e-01
3.785470460871761533e-01
4.086048013025395664e-01
1.896665923086924554e-01
4.714949504397514812e-01
3.960333225415543779e-01
5.921431352616935984e-01
9.622495262284431750e-01
1.068542477431578375e+00
1.073061046263108942e+00
1.637315161510819461e+00
3.319891858193317447e+00
7.408382424792245846e-01
5.161059212814360642e-01
2.156066591097282270e+00
1.359876804320661936e+00
7.031242722090665920e-01
2.354101507156755591e-01
1.313096574829092367e+00
9.267778849274492803e-01
1.039307120832906994e+00
1.627045625724818922e-01
1.721628228659603854e+00
4.933167230605865483e-01
2.731312665904539472e-01
7.186501395547802984e-01
9.593906991542167084e-02
7.387657063408715752e-01
8.230053004085381430e-01
2.421612332789396138e+00
7.175649729001796207e-01
1.267902326727710749e+00
1.024322615245517154e+00
3.367820458073500500e-01
1.818874960207202296e+00
1.416298043085250091e+00
1.330624744542942099e-02
8.172020714828882593e-01
3.226922436549166107e-01
1.212089232816978113e+00
3.181501126799147539e+00
6.364548196356124565e-01
1.571341089763951926e+00
2.777532091214844900e+00
1.770031727433389435e+00
8.363219977899184754e-02
5.403008505523626548e-01
1.151221011611550105e-01
9.623107698441082380e-01
5.897492156192746249e-01
1.245957758325766385e+00
1.523181152909623748e+00
1.061596527950545432e-01
2.363233645919251003e-01
4.840065211091973407e-01
9.447744747590747227e-01
3.222042373743043697e-01
7.271711356737848853e-01
3.762493083036467789e-01
1.745918926906087520e+00
1.076262616533991912e+00
8.589668195585001276e-02
1.749306342246134793e+00
5.977402839019069214e-01
8.640824004677866155e-01
2.143923399361139293e+00
5.473475865259497253e-02
5.986507266643119607e-01
3.763625878341269049e-01
4.421323906175916307e-01
2.671834176327290589e+00
3.297225088260146153e-01
2.763538793036522945e-01
4.394908486989122842e+00
3.844232466909554002e-01
1.602433812703082383e-01
1.185254361877551184e-02
8.679066376638337743e-02
7.392719968269280406e-02
2.400303432048130237e+00
3.919408348446110635e-01
1.590290109626730786e+00
1.254779077106929597e+00
1.439978051882077503e+00
5.561856375914161488e-01
7.512445195125732056e-01
1.326334872965885259e+00
1.227784655469448261e+00
4.450651757356092753e-01
8.095071218807942115e-01
1.692222600114791364e-02
5.709763121777743367e-01
2.480340642287986341e+00
5.194538251997459222e-01
1.943740098605312827e+00
4.173691570117303296e-01
4.102642544881496822e-01
1.842819265479033852e+00
2.275183600186473365e-01
4.232319705820058786e+00
4.058837729457257515e-01
1.106178614668138716e+00
1.031979190827601256e+00
7.655261180433938772e-01
3.405587327523647900e+00
4.538656705880579623e-02
1.606153394324067119e+00
2.749341823136964291e-01
7.370911408771398943e-01
2.478141515933497407e-01
2.142539053598435383e-01
7.105021612505024731e-01
4.231738007241150346e-01
3.552750798859369979e-02
1.485276973591838634e-01
1.313122157971455595e+00
1.700548857664703872e+00
2.226080932287985981e-01
1.778501572017820997e-01
3.655107231056089923e+00
7.055799761676974091e-01
9.655705347769517610e-01
7.217384064379567254e-01
1.128955619969006952e+00
1.010444983137947395e+00
1.301935000619614424e+00
1.306114830743809296e+00
5.440074919315248003e+00
7.180750031359934837e-01
3.441872065870405506e-01
2.074044555086048014e+00
3.993586948500888578e+00
5.202485308024199506e-01
2.127190652369643331e+00
1.321152207006264512e-01
3.859859334093740935e-01
3.282466957387800699e-01
5.619138975713237061e-01
2.535101763439638889e-01
2.492051526502149450e+00
7.113575009214686551e-01
7.956970379347507727e-01
1.817589264577645913e+00
1.477996462143668754e+00
1.381177826534886188e-01
2.061032946598824189e+00
7.146301921016942615e-02
3.012950711709929674e+00
4.129033904719207726e+00
1.909113202502903173e+00
9.062529433056160100e-01
1.276103950787551122e+00
7.460193464469581093e-01
2.514451287080437858e+00
1.077772021741928571e-01
8.666882893575026392e-01
1.685976987781941716e+00
4.229932515540710258e-01
2.049805170452085434e+00
1.335350556185605386e+00
1.242942274118961521e+00
2.047598360955809882e-01
1.790071037307780166e+00
1.115301432937541026e+00
8.324263381705533371e-01
4.625384977759472438e-02
2.058642231140576762e+00
2.830843941029141386e-01
2.965479239375419240e-01
2.907181935549008056e-01
4.061390563197951886e-01
9.127535264529298420e-01
2.041126145838153327e+00
7.453144327976592987e-01
6.281809260689927843e-01
2.517892305352448235e-01
1.589396442512613361e-01
2.551527955890111166e+00
5.535131779314574896e-01
5.671133156908757300e+00
2.584678938660507352e-01
1.030457790190047573e+00
4.605599236901807281e-01
3.760534275746276300e+00
1.303862007658051159e+00
1.234037353746721688e-01
1.923491432872457718e+00
3.560384676844116636e-01
1.303201236723919409e+00
2.746397633659717119e+00
3.409544854008508263e-01
1.329552427269945492e-01
2.614266236384904518e-01
2.076331836870422887e+00
3.246678838732214301e-01
1.178586158400497297e+00
3.987135907776261368e-01
1.529941794354447993e+00
2.564702819687695312e-01
1.247863086186576265e+00
2.251149934026131394e+00
1.361670722509356501e+00
2.659473762532719721e-01
2.419001117848028903e-01
3.302682079631089618e+00
3.201247523482799728e-01
5.724221093677849259e-01
1.269085194897827229e+00
2.034032127175910531e+00
9.111133547746528283e-01
1.401229142974483421e+00
1.480559767954955586e+00
2.304054058191228327e-01
1.151787563650199520e+00
7.195573015145128037e-01
3.305558539702605492e-01
1.679382899538700791e+00
2.130170751069802582e-01
5.506656397455258478e-01
1.185671403673281166e+00
6.084755352924688943e-01
9.895718058857323751e-02
1.545291696332523890e-01
6.303293740958089419e-02
3.646317935631628315e-01
2.220397894667757166e-01
2.708765972940653799e-01
3.648713172532547677e+00
5.922073563042775657e-01
2.723076687459219603e+00
5.758597538442222774e-01
8.389354584871400178e-01
8.575034363072649157e-02
2.274206327484825874e+00
2.465424201196957377e+00
3.002230790288668683e+00
3.283515831551872655e+00
2.260553899341545894e-02
2.416897781271303725e+00
1.531294069200409114e+00
1.318419999193689574e+00
1.902505796849324415e+00
2.465240895224407147e+00
1.107146799892662070e+00
2.058662451900622470e-01
1.200765476330779569e-01
1.888656212704095394e-01
4.022509009354882648e-01
9.814350513576829416e-01
1.401275760405820803e+00
3.358200034947306234e-01
8.247050825830511134e-02
3.825497372721610168e-01
5.420243890495268779e-01
4.427375422199100186e-01
4.193950006627706339e-01
2.083249063708572546e+00
4.502575452674899281e-02
5.987465830423422952e-01
3.991434497797939629e-02
1.700468766724980263e+00
1.913729858050172705e+00
1.582627321226548922e+00
6.318199645144728649e-01
6.883286071872449785e-01
1.054388735169240199e-01
3.970900621133876540e-01
1.579822798310719645e-01
1.394183037568866190e+00
1.397739146720357484e+00
7.936740889285753831e-01
1.003544388074288474e+00
5.042538174434306741e-01
2.005969549542433228e+00
3.191038071526632880e+00
5.677238522864422876e-01
2.484646002258911412e+00
1.503649420775159617e+00
7.766281857160580726e-01
1.530570948975658041e+00
4.624550750392350529e-02
2.050277022014855566e-01
1.297155449298886598e+00
1.075651582302124210e+00
2.897395968008549261e+00
1.304706900646968037e+00
6.414688283212421904e-01
3.970441782603075787e-01
1.929638647130996476e-01
6.141894613716257112e+00
9.730151385377473483e-01
3.353122187027555157e+00
7.366194271133066906e-02
2.722744538746564857e-01
2.133323014525582706e-01
3.053481289275919330e+00
1.277411887558982828e+00
8.350667976692389971e-02
5.488687145086639241e-01
1.151151987552115896e-01
9.271473060976949121e-01
2.107041943702509801e-01
2.378152780575716108e+00
3.411709104227792499e-01
1.266485604187611358e+00
1.465436941711194319e+00
1.606398714271829176e-01
5.338711473649138117e-01
6.570902741742969955e-01
1.011391645333103717e-01
1.870594962532302064e-01
2.003153118227451124e+00
2.210647470541410087e+00
5.255255815888076887e-01
1.427286729789538189e+00
1.912252866492811343e+00
3.241053533175429768e-01
8.896151016570605918e-01
1.191552895119266875e+00
1.284645907264047704e+00
4.867964937998094932e-01
6.349437527430653594e-01
1.243461238453318130e+00
1.244177110856689861e-01
9.382722113770061156e-01
1.296517145933997028e+00
5.511014543082074502e-01
1.330151940366112173e+00
1.207069500147456703e-01
4.882525435170825268e-01
3.875742295173466356e+00
9.321495263512319385e-02
3.255048650899142193e-01
4.208851464006325704e-01
2.510431843166696653e-01
5.597606857940268243e-01
1.765492167100326526e-01
2.386613891764573836e+00
1.681982330735899422e-01
1.333336473497897412e+00
1.370266486171735520e+00
6.266507261832141573e-01
5.269574768725701075e-01
1.161289259378734506e+00
4.714974222834980577e-02
3.853989410084885520e-02
9.587269149208076102e-02
2.154238430322580056e-01
2.382038894765630133e+00
1.338778689831974233e+00
2.134133780905075883e-01
3.894948783302460416e-01
2.181743347127882982e-01
7.748721452854391289e-01
2.659749247178887915e-02
6.466343087742644491e-02
1.372154332242481178e+00
5.140796603830320999e-01
7.599847797649798009e-01
3.164207398552538741e-01
4.430343793361081473e-02
7.210295635221347643e-01
1.396746662919544912e-01
4.585791860054940772e-01
1.966927497963501859e+00
9.405904045929963653e-01
2.091109654112390803e+00
1.221855962555852271e+00
6.412686918635822630e-01
1.769730028624685980e+00
8.078796155205600904e-01
2.838072266026543389e-01
2.066261362638948551e+00
9.798553046507085806e-01
1.656350510249581465e+00
1.141316593286498149e+00
1.816648526596491564e+00
7.417364310893983514e-01
8.633456814719219219e-01
5.609706084662163805e-01
1.190111670246614350e+00
9.626955145608530051e-01
1.361090168900678243e+00
4.029694300259500039e+00
4.397201735911230314e-01
1.374911751337102084e+00
8.176537678288450794e-02
3.694801360310957516e-01
1.841018875083673123e-01
3.600028683647644723e+00
1.694641656446475020e-01
5.140960188760905492e-02
3.556631920250784007e-01
1.915500579202876974e+00
1.192334523489995135e+00
9.746831184812864146e-01
5.274848166050698506e-01
1.184762976090651732e+00
6.500788702750855963e-01
1.254974038617131082e+00
7.200278283613392727e-01
1.132952127808167120e+00
2.831122877402387217e-01
1.722842813044293875e+00
2.617393422568743855e+00
2.478019047932509267e+00
1.533321721937992432e+00
5.102287955988129564e-01
1.111013750356820706e+00
1.498689094620412998e+00
2.093711633935869454e+00
2.695512180418099923e+00
5.689906130427094810e-01
7.458642346604519302e-01
7.285397388071803704e-01
1.997164521581406560e-01
5.817201121353453575e-01
1.330318688196423516e-01
9.565315163810746979e-01
2.067414337274882732e-02
2.795094398772082211e+00
1.013675914169678505e+00
3.760960324592064197e+00
5.508547391649312175e-01
2.673161937445297731e+00
1.006125732397732842e+00
9.601949048802398412e-01
8.769074133038877727e-01
3.894650349009257106e-01
1.254932356426718409e-01
2.757538359986548282e-01
4.689456622061174973e-01
1.126460271588263673e+00
1.619908190086841726e+00
2.338201148358182824e+00
2.817434994157956840e-01
9.306242097785564216e-01
1.289405732788294623e+00
